
--SOF (1), ID (11), RTR(1), FDF(1), DLC(4), DATA 1-8 (8), CRC (15), CRC_del(1), ACK(1), ACK_del(1), 
NOT STUFFED
0
00100100011
0
0
0
1000
00000001
00000010
00000011
00000100
00000101
00000110
00000111
00001000
110010011101111
1
0
1
1111111

000100100011000100000000001000000100000001100000100000001010000011000000111000010001100100111011111011111111

STUFFED
0
00100100011
0
0
0
1000
0010000011
000001010
000010011
000001100
000100101
000001110
000010111
00001000
110010011101111
1
0
1
1111111


00010010001100010000010000011000001010000010011000001100000100101000001110000010111000010001100100111011111011111111